# r, Phi
0.0314159  0.29002
0.0942478  0.464211
0.15708  0.621957
0.219911  0.757669
0.282743  0.866541
0.345575  0.944715
0.408407  0.989423
0.471239  0.999079
0.534071  0.973343
0.596903  0.913125
0.659734  0.82056
0.722566  0.698925
0.785398  0.552531
0.84823  0.386564
0.911062  0.206902
0.973894  0.0199102
1.03673  -0.167787
1.09956  -0.34954
1.16239  -0.51891
1.22522  -0.669898
1.28805  -0.797154
1.35088  -0.89617
1.41372  -0.96344
1.47655  -0.996579
1.53938  -0.994413
1.60221  -0.957021
1.66504  -0.885725
1.72788  -0.783052
1.79071  -0.652639
1.85354  -0.499106
1.91637  -0.327891
1.9792  -0.145062
2.04204  0.0429072
2.10487  0.229356
2.1677  0.40768
2.23053  0.571561
2.29336  0.715195
2.35619  0.833492
2.41903  0.922263
2.48186  0.978362
2.54469  0.999802
2.60752  0.985823
2.67035  0.936922
2.73319  0.854829
2.79602  0.742454
2.85885  0.603776
2.92168  0.44371
2.98451  0.267925
3.04734  0.082649
3.11018  -0.105555
3.17301  -0.29002
3.23584  -0.464211
3.29867  -0.621957
3.3615  -0.757669
3.42434  -0.866541
3.48717  -0.944715
3.55  -0.989423
3.61283  -0.999079
3.67566  -0.973343
3.7385  -0.913125
3.80133  -0.82056
3.86416  -0.698925
3.92699  -0.552531
3.98982  -0.386564
4.05265  -0.206902
4.11549  -0.0199102
4.17832  0.167787
4.24115  0.34954
4.30398  0.51891
4.36681  0.669898
4.42965  0.797154
4.49248  0.89617
4.55531  0.96344
4.61814  0.996579
4.68097  0.994413
4.7438  0.957021
4.80664  0.885725
4.86947  0.783052
4.9323  0.652639
4.99513  0.499106
5.05796  0.327891
5.1208  0.145062
5.18363  -0.0429072
5.24646  -0.229356
5.30929  -0.40768
5.37212  -0.571561
5.43496  -0.715195
5.49779  -0.833492
5.56062  -0.922263
5.62345  -0.978362
5.68628  -0.999802
5.74911  -0.985823
5.81195  -0.936922
5.87478  -0.854829
5.93761  -0.742454
6.00044  -0.603776
6.06327  -0.44371
6.12611  -0.267925
6.18894  -0.082649
6.25177  0.105555
